0 0 [ 7.80567455e-02  5.50697749e-04  5.09014804e-04 ...  2.81692013e-05
  3.72438046e-04 -5.63904066e-05] 
0 1 [ 7.71973303e-02  5.18437068e-04  5.03937416e-04 ...  2.49716140e-05
  3.55912894e-04 -2.22520954e-07] 
0 2 [ 7.58578123e-02  5.63648552e-04  5.07278092e-04 ...  2.66411880e-05
  3.54439533e-04 -4.11838233e-07] 
0 3 [7.41628120e-02 5.94153084e-04 5.10183140e-04 ... 3.25314529e-05
 3.57955257e-04 3.66632354e-09] 
0 4 [ 7.22806978e-02  6.16638300e-04  5.02672894e-04 ...  3.91066767e-05
  3.64777040e-04 -4.99267292e-10] 
0 5 [ 7.03870183e-02  6.33405936e-04  4.80276620e-04 ...  4.53985644e-05
  3.64760472e-04 -2.91390764e-11] 
0 6 [6.86442233e-02 6.46974261e-04 4.43889553e-04 ... 5.06578203e-05
 3.49911325e-04 2.12960375e-12] 
0 7 [6.71802818e-02 6.59745581e-04 3.98906270e-04 ... 5.41445971e-05
 3.16901475e-04 1.42627146e-14] 
0 8 [6.60681652e-02 6.73376093e-04 3.52878248e-04 ... 5.52761618e-05
 2.68219327e-04 3.13833536e-17] 
0 9 [6.53173881e-02 6.88263339e-04 3.13007248e-04 ... 5.38329086e-05
 2.10848187e-04 2.65730515e-16] 
0 10 [6.48857954e-02 7.03303339e-04 2.84697928e-04 ... 5.00846865e-05
 1.53445532e-04 8.61369136e-16] 
0 11 [6.47074006e-02 7.16213417e-04 2.71214063e-04 ... 4.47660117e-05
 1.03333156e-04 2.57719055e-15] 
0 12 [6.47210775e-02 7.24427328e-04 2.73800573e-04 ... 3.88849761e-05
 6.45601827e-05 7.10967764e-15] 
0 13 [6.48859157e-02 7.26135250e-04 2.91827625e-04 ... 3.34379415e-05
 3.76529823e-05 1.80841053e-14] 
0 14 [6.51798556e-02 7.20922545e-04 3.22999283e-04 ... 2.91541069e-05
 2.07060100e-05 4.24119141e-14] 
0 15 [6.55884260e-02 7.09761077e-04 3.63803221e-04 ... 2.63703171e-05
 1.08881122e-05 9.17112152e-14] 
0 16 [6.60931983e-02 6.94511921e-04 4.10165613e-04 ... 2.50566406e-05
 5.57372443e-06 1.82852437e-13] 
0 17 [6.66659622e-02 6.77290365e-04 4.58100100e-04 ... 2.49387928e-05
 2.83743421e-06 3.36142004e-13] 
0 18 [6.72694328e-02 6.59977772e-04 5.04174772e-04 ... 2.56398927e-05
 1.47115220e-06 5.69755527e-13] 
0 19 [6.78620093e-02 6.43986547e-04 5.45749379e-04 ... 2.67879155e-05
 7.96740084e-07 8.90426419e-13] 
0 20 [6.84034334e-02 6.30239223e-04 5.81018999e-04 ... 2.80732239e-05
 4.62247399e-07 1.28307268e-12] 
0 21 [6.88591535e-02 6.19265111e-04 6.08920355e-04 ... 2.92659519e-05
 2.94180355e-07 1.70470096e-12] 
0 22 [6.92025863e-02 6.11328968e-04 6.28953278e-04 ... 3.02104185e-05
 2.09620775e-07 2.08828074e-12] 
0 23 [6.94155469e-02 6.06542960e-04 6.40967808e-04 ... 3.08106949e-05
 1.69909684e-07 2.35870316e-12] 
0 24 [6.94876512e-02 6.04944984e-04 6.44966826e-04 ... 3.10160278e-05
 1.58240067e-07 2.45641321e-12] 
1 0 [ 7.71986793e-02  5.14954047e-04  4.92421217e-04 ...  1.00244170e-05
  3.63903540e-04 -9.02479567e-07] 
1 1 [7.57861825e-02 5.64694442e-04 5.07245118e-04 ... 2.58244546e-05
 3.53540522e-04 4.89629535e-09] 
1 2 [7.39884327e-02 5.96585626e-04 5.10044637e-04 ... 3.31585423e-05
 3.58682997e-04 1.91836755e-08] 
1 3 [ 7.19920863e-02  6.19471729e-04  5.00290623e-04 ...  4.00955261e-05
  3.65438404e-04 -1.17109327e-09] 
1 4 [ 7.00004823e-02  6.36457975e-04  4.73614552e-04 ...  4.66234218e-05
  3.63053537e-04 -1.87724745e-11] 
1 5 [ 6.82019860e-02  6.50540238e-04  4.31854210e-04 ...  5.18424603e-05
  3.42497957e-04 -1.23631822e-13] 
1 6 [6.67414206e-02 6.64456985e-04 3.82207158e-04 ... 5.48393486e-05
 3.01044684e-04 1.51812369e-15] 
1 7 [6.56920647e-02 6.79857012e-04 3.34059204e-04 ... 5.49494841e-05
 2.43327025e-04 7.35378718e-17] 
1 8 [6.50473959e-02 6.96540390e-04 2.95938895e-04 ... 5.20453512e-05
 1.79143905e-04 5.08074139e-16] 
1 9 [6.47440251e-02 7.12207944e-04 2.74035949e-04 ... 4.66998448e-05
 1.19304729e-04 1.78851830e-15] 
1 10 [6.47048487e-02 7.23222558e-04 2.71953725e-04 ... 4.00944288e-05
 7.15682430e-05 5.80375716e-15] 
1 11 [6.48755248e-02 7.26210084e-04 2.90702604e-04 ... 3.36639631e-05
 3.86379035e-05 1.73647642e-14] 
1 12 [6.52346179e-02 7.19578325e-04 3.28645902e-04 ... 2.86341535e-05
 1.88356293e-05 4.79040553e-14] 
1 13 [6.57789759e-02 7.04067745e-04 3.81805135e-04 ... 2.56832664e-05
 8.36019507e-06 1.21848278e-13] 
1 14 [6.65006966e-02 6.82196748e-04 4.44726527e-04 ... 2.48723946e-05
 3.42546684e-06 2.85765794e-13] 
1 15 [6.73715193e-02 6.57150634e-04 5.11578588e-04 ... 2.58120078e-05
 1.32129522e-06 6.17937878e-13] 
1 16 [6.83407793e-02 6.31789586e-04 5.77059498e-04 ... 2.79161002e-05
 4.92051371e-07 1.23203521e-12] 
1 17 [6.93439974e-02 6.08139770e-04 6.36965312e-04 ... 3.06079417e-05
 1.82335137e-07 2.26487978e-12] 
1 18 [7.03154217e-02 5.87353490e-04 6.88470013e-04 ... 3.34268220e-05
 6.95601840e-08 3.83893638e-12] 
1 19 [7.11986806e-02 5.69924802e-04 7.30176342e-04 ... 3.60544122e-05
 2.83275526e-08 5.99957387e-12] 
1 20 [7.19525396e-02 5.55951778e-04 7.61955729e-04 ... 3.82989830e-05
 1.27702459e-08 8.64517172e-12] 
1 21 [7.25515245e-02 5.45338844e-04 7.84606890e-04 ... 4.00648301e-05
 6.59436332e-09 1.14860466e-11] 
1 22 [7.29829128e-02 5.37923162e-04 7.99406887e-04 ... 4.13196163e-05
 4.01799800e-09 1.40705557e-11] 
1 23 [7.32421594e-02 5.33547413e-04 8.07653828e-04 ... 4.20646765e-05
 2.95589103e-09 1.58926257e-11] 
1 24 [7.33285390e-02 5.32101860e-04 8.10288990e-04 ... 4.23111895e-05
 2.66395535e-09 1.65509829e-11] 
2 0 [ 7.58596951e-02  5.62942422e-04  5.07421939e-04 ...  2.48720339e-05
  3.53550048e-04 -6.95662283e-07] 
2 1 [ 7.39884428e-02  5.96595036e-04  5.10039482e-04 ...  3.31418711e-05
  3.58677079e-04 -7.51256285e-09] 
2 2 [7.18954437e-02 6.20391726e-04 4.99414045e-04 ... 4.04228274e-05
 3.65622117e-04 4.85134957e-10] 
2 3 [ 6.98086280e-02  6.37950617e-04  4.70022852e-04 ...  4.72214352e-05
  3.61916127e-04 -1.56895712e-11] 
2 4 [6.79450135e-02 6.52698175e-04 4.24274196e-04 ... 5.24875050e-05
 3.37283034e-04 2.22535810e-13] 
2 5 [6.64701119e-02 6.67745491e-04 3.70979128e-04 ... 5.51293076e-05
 2.89259076e-04 1.98487835e-15] 
2 6 [6.54606757e-02 6.84738745e-04 3.21373283e-04 ... 5.43902830e-05
 2.24449487e-04 1.96569201e-16] 
2 7 [6.48964289e-02 7.02787832e-04 2.85466007e-04 ... 5.02508598e-05
 1.55402912e-04 8.27082750e-16] 
2 8 [6.46966392e-02 7.18244228e-04 2.70454077e-04 ... 4.36375155e-05
 9.48732786e-05 3.15709174e-15] 
2 9 [6.47809907e-02 7.26096294e-04 2.80409926e-04 ... 3.62319582e-05
 5.05828191e-05 1.11111600e-14] 
2 10 [6.51120860e-02 7.22474794e-04 3.15937363e-04 ... 2.98882474e-05
 2.34039784e-05 3.60558162e-14] 
2 11 [6.56944652e-02 7.06610407e-04 3.73899086e-04 ... 2.59534505e-05
 9.38035970e-06 1.07878523e-13] 
2 12 [6.65411365e-02 6.80990433e-04 4.48031509e-04 ... 2.48823226e-05
 3.26982452e-06 2.97603735e-13] 
2 13 [6.76377147e-02 6.49920548e-04 5.30402034e-04 ... 2.63142748e-05
 1.00219822e-06 7.56981900e-13] 
2 14 [6.89266668e-02 6.17683058e-04 6.12924074e-04 ... 2.94489734e-05
 2.75203376e-07 1.77531875e-12] 
2 15 [7.03154217e-02 5.87353490e-04 6.88470013e-04 ... 3.34268220e-05
 6.95601840e-08 3.83893638e-12] 
2 16 [7.16987848e-02 5.60572723e-04 7.51656931e-04 ... 3.75451745e-05
 1.67624568e-08 7.65401340e-12] 
2 17 [7.29829128e-02 5.37923162e-04 7.99406887e-04 ... 4.13196163e-05
 4.01799800e-09 1.40705557e-11] 
2 18 [7.41016051e-02 5.19409759e-04 8.31170187e-04 ... 4.44701687e-05
 1.00524221e-09 2.38493753e-11] 
2 19 [7.50213888e-02 5.04776525e-04 8.48673375e-04 ... 4.68871805e-05
 2.76358433e-10 3.72723258e-11] 
2 20 [7.57369419e-02 4.93651085e-04 8.55234574e-04 ... 4.85919121e-05
 8.79326132e-11 5.37080900e-11] 
2 21 [7.62612328e-02 4.85610505e-04 8.54869230e-04 ... 4.96916262e-05
 3.40072414e-11 7.13570112e-11] 
2 22 [7.66149201e-02 4.80235706e-04 8.51448259e-04 ... 5.03315147e-05
 1.66820942e-11 8.74132613e-11] 
2 23 [7.68179084e-02 4.77170701e-04 8.48076969e-04 ... 5.06501217e-05
 1.07291084e-11 9.87328620e-11] 
2 24 [7.68839527e-02 4.76176982e-04 8.46728866e-04 ... 5.07447295e-05
 9.23903872e-12 1.02822903e-10] 
3 0 [7.41628863e-02 5.94130222e-04 5.10205592e-04 ... 3.24690201e-05
 3.58042633e-04 7.53420641e-09] 
3 1 [ 7.19920872e-02  6.19471413e-04  5.00289922e-04 ...  4.00953802e-05
  3.65440459e-04 -4.19851939e-10] 
3 2 [ 6.98086280e-02  6.37950578e-04  4.70022923e-04 ...  4.72214079e-05
  3.61916101e-04 -1.23194670e-11] 
3 3 [ 6.78608861e-02  6.53422726e-04  4.21694419e-04 ...  5.26905244e-05
  3.35414883e-04 -1.83023688e-13] 
3 4 [ 6.63411919e-02  6.69438951e-04  3.65375386e-04 ...  5.52185517e-05
  2.83023605e-04 -1.29514967e-17] 
3 5 [6.53369151e-02 6.87755130e-04 3.14172818e-04 ... 5.39209473e-05
 2.12806300e-04 2.56406683e-16] 
3 6 [6.48195828e-02 7.06865776e-04 2.79815585e-04 ... 4.88539992e-05
 1.39892163e-04 1.14441723e-15] 
3 7 [6.46953814e-02 7.21773684e-04 2.70797316e-04 ... 4.12947118e-05
 7.89684444e-05 4.73771088e-15] 
3 8 [6.48859157e-02 7.26135250e-04 2.91827625e-04 ... 3.34379415e-05
 3.76529823e-05 1.80841053e-14] 
3 9 [6.53761665e-02 7.15833821e-04 3.42987072e-04 ... 2.75326436e-05
 1.49563309e-05 6.36457236e-14] 
3 10 [6.61976868e-02 6.91333014e-04 4.19254688e-04 ... 2.49532153e-05
 4.90217903e-06 2.06530957e-13] 
3 11 [6.73715193e-02 6.57150634e-04 5.11578588e-04 ... 2.58120078e-05
 1.32129522e-06 6.17937878e-13] 
3 12 [6.88591535e-02 6.19265111e-04 6.08920355e-04 ... 2.92659519e-05
 2.94180355e-07 1.70470096e-12] 
3 13 [7.05513484e-02 5.82573365e-04 7.00080163e-04 ... 3.41258077e-05
 5.48744294e-08 4.33606038e-12] 
3 14 [7.22938498e-02 5.49856331e-04 7.75153829e-04 ... 3.93079919e-05
 8.79366458e-09 1.01691854e-11] 
3 15 [7.39308348e-02 5.22178381e-04 8.26997369e-04 ... 4.40014611e-05
 1.25602488e-09 2.19897725e-11] 
3 16 [7.53444594e-02 4.99729700e-04 8.52517761e-04 ... 4.76806498e-05
 1.67839042e-10 4.38428759e-11] 
3 17 [7.64756805e-02 4.82346728e-04 8.53142220e-04 ... 5.00913005e-05
 2.22577664e-11 8.05974042e-11] 
3 18 [7.73224003e-02 4.69635299e-04 8.34091881e-04 ... 5.12327266e-05
 3.13357785e-12 1.36611354e-10] 
3 19 [7.79214686e-02 4.60964578e-04 8.02737728e-04 ... 5.13135928e-05
 5.03597917e-13 2.13499204e-10] 
3 20 [7.83260908e-02 4.55518059e-04 7.66749478e-04 ... 5.06746934e-05
 9.94373572e-14 3.07644707e-10] 
3 21 [7.85880448e-02 4.52414982e-04 7.32701559e-04 ... 4.96987977e-05
 2.58651049e-14 4.08739264e-10] 
3 22 [7.87482397e-02 4.50844741e-04 7.05422918e-04 ... 4.87342484e-05
 9.41949158e-15 5.00710850e-10] 
3 23 [7.88342159e-02 4.50170516e-04 6.87983268e-04 ... 4.80470460e-05
 5.03593670e-15 5.65550493e-10] 
3 24 [7.88612620e-02 4.49991226e-04 6.82004363e-04 ... 4.77998778e-05
 4.07323765e-15 5.88978595e-10] 
4 0 [7.22807002e-02 6.16636406e-04 5.02675354e-04 ... 3.91090210e-05
 3.64774775e-04 3.32729690e-09] 
4 1 [7.00004824e-02 6.36457972e-04 4.73614602e-04 ... 4.66234695e-05
 3.63053484e-04 3.20625384e-11] 
4 2 [6.79450135e-02 6.52698175e-04 4.24274196e-04 ... 5.24875045e-05
 3.37283034e-04 4.50079989e-13] 
4 3 [6.63411919e-02 6.69438951e-04 3.65375386e-04 ... 5.52185517e-05
 2.83023605e-04 3.43909378e-17] 
4 4 [6.52981748e-02 6.88772966e-04 3.11852148e-04 ... 5.37420649e-05
 2.08885822e-04 2.75870319e-16] 
4 5 [6.47881253e-02 7.08852545e-04 2.77434389e-04 ... 4.81001701e-05
 1.32290381e-04 1.34615826e-15] 
4 6 [6.47075518e-02 7.23483844e-04 2.72267073e-04 ... 3.98530195e-05
 7.01347778e-05 6.04417970e-15] 
4 7 [6.49803850e-02 7.24988504e-04 3.01991550e-04 ... 3.16912132e-05
 3.03694168e-05 2.50220053e-14] 
4 8 [6.56142380e-02 7.08999266e-04 3.66279036e-04 ... 2.62601414e-05
 1.04947908e-05 9.55103823e-14] 
4 9 [6.66659622e-02 6.77290365e-04 4.58100100e-04 ... 2.49387928e-05
 2.83743421e-06 3.36142004e-13] 
4 10 [6.81565450e-02 6.36408960e-04 5.65235602e-04 ... 2.74657326e-05
 5.91704173e-07 1.09078389e-12] 
4 11 [7.00073523e-02 5.93745318e-04 6.72788349e-04 ... 3.25203172e-05
 9.45917410e-08 3.26361089e-12] 
4 12 [7.20375788e-02 5.54420589e-04 7.65314985e-04 ... 3.85509758e-05
 1.16460982e-08 9.00330079e-12] 
4 13 [7.40163179e-02 5.20790192e-04 8.29119057e-04 ... 4.42367357e-05
 1.12416322e-09 2.29007061e-11] 
4 14 [7.57369419e-02 4.93651085e-04 8.55234574e-04 ... 4.85919121e-05
 8.79326132e-11 5.37080900e-11] 
4 15 [7.70770594e-02 4.73282798e-04 8.42002743e-04 ... 5.09921340e-05
 5.85641209e-12 1.16137978e-10] 
4 16 [7.80180810e-02 4.59619323e-04 7.95529619e-04 ... 5.12291912e-05
 3.54772327e-13 2.31554127e-10] 
4 17 [7.86218286e-02 4.52056960e-04 7.27433973e-04 ... 4.95238984e-05
 2.12033666e-14 4.25671416e-10] 
4 18 [7.89850713e-02 4.49440584e-04 6.50977609e-04 ... 4.64290374e-05
 1.37343373e-15 7.21506320e-10] 
4 19 [7.91990927e-02 4.50293404e-04 5.77485493e-04 ... 4.26456366e-05
 1.07909651e-16 1.12758548e-09] 
4 20 [7.93291913e-02 4.53115222e-04 5.14436502e-04 ... 3.88359001e-05
 1.39320176e-17 1.62480968e-09] 
4 21 [7.94128691e-02 4.56605237e-04 4.65411699e-04 ... 3.55052783e-05
 7.15672484e-18 2.15873451e-09] 
4 22 [7.94675122e-02 4.59766737e-04 4.31205161e-04 ... 3.29734865e-05
 9.01276565e-18 2.64447652e-09] 
4 23 [7.94993576e-02 4.61921161e-04 4.11234742e-04 ... 3.14082490e-05
 1.14452299e-17 2.98692268e-09] 
4 24 [7.95099164e-02 4.62681080e-04 4.04692531e-04 ... 3.08804403e-05
 1.24642996e-17 3.11065657e-09] 
5 0 [ 7.03870185e-02  6.33405958e-04  4.80276578e-04 ...  4.53984687e-05
  3.64760336e-04 -1.27896657e-11] 
5 1 [6.82019860e-02 6.50540239e-04 4.31854210e-04 ... 5.18424610e-05
 3.42497958e-04 1.30029391e-13] 
5 2 [6.64701119e-02 6.67745491e-04 3.70979128e-04 ... 5.51293076e-05
 2.89259076e-04 2.72639589e-15] 
5 3 [6.53369151e-02 6.87755130e-04 3.14172818e-04 ... 5.39209473e-05
 2.12806300e-04 2.56820247e-16] 
5 4 [6.47881253e-02 7.08852545e-04 2.77434389e-04 ... 4.81001701e-05
 1.32290381e-04 1.34615832e-15] 
5 5 [6.47137710e-02 7.23976319e-04 2.72977417e-04 ... 3.93693507e-05
 6.73154103e-05 6.55531611e-15] 
5 6 [6.50354709e-02 7.24035863e-04 3.07858685e-04 ... 3.08660040e-05
 2.71169976e-05 2.94330083e-14] 
5 7 [6.57789759e-02 7.04067745e-04 3.81805135e-04 ... 2.56832664e-05
 8.36019507e-06 1.21848278e-13] 
5 8 [6.70251005e-02 6.66865841e-04 4.86012844e-04 ... 2.52835663e-05
 1.90986920e-06 4.65101638e-13] 
5 9 [6.87922355e-02 6.20844085e-04 6.04919615e-04 ... 2.90859797e-05
 3.14296325e-07 1.63689216e-12] 
5 10 [7.09530494e-02 5.74647708e-04 7.19059396e-04 ... 3.53216029e-05
 3.64815885e-08 5.31173009e-12] 
5 11 [7.32421594e-02 5.33547413e-04 8.07653828e-04 ... 4.20646765e-05
 2.95589103e-09 1.58926257e-11] 
5 12 [7.53444594e-02 4.99729700e-04 8.52517761e-04 ... 4.76806498e-05
 1.67839042e-10 4.38428759e-11] 
5 13 [7.70135397e-02 4.74232806e-04 8.43692310e-04 ... 5.09158518e-05
 6.82598301e-12 1.11518297e-10] 
5 14 [7.81558127e-02 4.57743847e-04 7.83864095e-04 ... 5.10416967e-05
 2.07518371e-13 2.61539279e-10] 
5 15 [7.88342159e-02 4.50170516e-04 6.87983268e-04 ... 4.80470460e-05
 5.03593670e-15 5.65550493e-10] 
5 16 [7.91990927e-02 4.50293404e-04 5.77485493e-04 ... 4.26456366e-05
 1.07909651e-16 1.12758548e-09] 
5 17 [7.94015440e-02 4.56038900e-04 4.72357223e-04 ... 3.59977717e-05
 7.21530782e-18 2.07286555e-09] 
5 18 [7.95416353e-02 4.65083297e-04 3.85460132e-04 ... 2.92828320e-05
 1.62160220e-17 3.51347045e-09] 
5 19 [7.96631891e-02 4.75379348e-04 3.21282838e-04 ... 2.33589566e-05
 4.35214928e-17 5.49091807e-09] 
5 20 [7.97742432e-02 4.85394547e-04 2.78139227e-04 ... 1.86487940e-05
 9.78555294e-17 7.91219784e-09] 
5 21 [7.98689871e-02 4.94083751e-04 2.51436746e-04 ... 1.52220858e-05
 1.83773114e-16 1.05121837e-08] 
5 22 [7.99404053e-02 5.00750831e-04 2.36252704e-04 ... 1.29573714e-05
 2.88256914e-16 1.28775297e-08] 
5 23 [7.99843123e-02 5.04934348e-04 2.28711089e-04 ... 1.16851455e-05
 3.77640352e-16 1.45450833e-08] 
5 24 [7.99990667e-02 5.06359717e-04 2.26456698e-04 ... 1.12766284e-05
 4.13216778e-16 1.51476086e-08] 
6 0 [6.86442233e-02 6.46974258e-04 4.43889552e-04 ... 5.06578205e-05
 3.49911327e-04 1.37150846e-12] 
6 1 [ 6.67414206e-02  6.64456985e-04  3.82207158e-04 ...  5.48393486e-05
  3.01044684e-04 -2.27110336e-15] 
6 2 [6.54606757e-02 6.84738745e-04 3.21373283e-04 ... 5.43902830e-05
 2.24449487e-04 2.03723876e-16] 
6 3 [6.48195828e-02 7.06865776e-04 2.79815585e-04 ... 4.88539992e-05
 1.39892163e-04 1.14441775e-15] 
6 4 [6.47075518e-02 7.23483844e-04 2.72267073e-04 ... 3.98530195e-05
 7.01347778e-05 6.04417970e-15] 
6 5 [6.50354709e-02 7.24035863e-04 3.07858685e-04 ... 3.08660040e-05
 2.71169976e-05 2.94330083e-14] 
6 6 [6.58377573e-02 7.02288214e-04 3.87232661e-04 ... 2.55238613e-05
 7.72988553e-06 1.32152587e-13] 
6 7 [6.72193258e-02 6.61376425e-04 5.00501733e-04 ... 2.55601233e-05
 1.55131807e-06 5.47092059e-13] 
6 8 [6.92025863e-02 6.11328968e-04 6.28953278e-04 ... 3.02104185e-05
 2.09620775e-07 2.08828074e-12] 
6 9 [7.16147023e-02 5.62121691e-04 7.48154506e-04 ... 3.72948936e-05
 1.83267834e-08 7.34955565e-12] 
6 10 [7.41016051e-02 5.19409759e-04 8.31170187e-04 ... 4.44701687e-05
 1.00524221e-09 2.38493753e-11] 
6 11 [7.62612328e-02 4.85610505e-04 8.54869230e-04 ... 4.96916262e-05
 3.40072414e-11 7.13570112e-11] 
6 12 [7.78210292e-02 4.62383718e-04 8.09485440e-04 ... 5.13663363e-05
 7.10827822e-13 1.96852074e-10] 
6 13 [7.87482397e-02 4.50844741e-04 7.05422918e-04 ... 4.87342484e-05
 9.41949158e-15 5.00710850e-10] 
6 14 [7.92152187e-02 4.50512848e-04 5.70554027e-04 ... 4.22520752e-05
 8.49488691e-17 1.17429603e-09] 
6 15 [7.94567866e-02 4.59091027e-04 4.37964259e-04 ... 3.34882461e-05
 8.40678968e-18 2.53928602e-09] 
6 16 [7.96401160e-02 4.73341358e-04 3.32099054e-04 ... 2.44326215e-05
 3.63516586e-17 5.06277789e-09] 
6 17 [7.98275423e-02 4.90266753e-04 2.62112417e-04 ... 1.66580330e-05
 1.40275992e-16 9.30698617e-09] 
6 18 [8.00138626e-02 5.07800681e-04 2.24330931e-04 ... 1.08761604e-05
 4.52144758e-16 1.57750929e-08] 
6 19 [8.01758264e-02 5.24730375e-04 2.09098766e-04 ... 7.03594042e-06
 1.21722984e-15 2.46534269e-08] 
6 20 [8.02984306e-02 5.40222467e-04 2.06610530e-04 ... 4.69876695e-06
 2.73696077e-15 3.55242840e-08] 
6 21 [8.03797174e-02 5.53471363e-04 2.09637601e-04 ... 3.37021466e-06
 5.14002755e-15 4.71972386e-08] 
6 22 [8.04266261e-02 5.63656424e-04 2.13827985e-04 ... 2.66238375e-06
 8.06237909e-15 5.78165268e-08] 
6 23 [8.04492179e-02 5.70074181e-04 2.16960574e-04 ... 2.32561030e-06
 1.05623821e-14 6.53029270e-08] 
6 24 [8.04557104e-02 5.72265725e-04 2.18088205e-04 ... 2.22704134e-06
 1.15574342e-14 6.80079083e-08] 
7 0 [6.71802818e-02 6.59745581e-04 3.98906270e-04 ... 5.41445971e-05
 3.16901475e-04 3.19606046e-15] 
7 1 [6.56920647e-02 6.79857012e-04 3.34059204e-04 ... 5.49494841e-05
 2.43327025e-04 1.45716643e-16] 
7 2 [6.48964289e-02 7.02787832e-04 2.85466007e-04 ... 5.02508598e-05
 1.55402912e-04 8.27095567e-16] 
7 3 [6.46953814e-02 7.21773684e-04 2.70797316e-04 ... 4.12947118e-05
 7.89684444e-05 4.73771088e-15] 
7 4 [6.49803850e-02 7.24988504e-04 3.01991550e-04 ... 3.16912132e-05
 3.03694168e-05 2.50220053e-14] 
7 5 [6.57789759e-02 7.04067745e-04 3.81805135e-04 ... 2.56832664e-05
 8.36019507e-06 1.21848278e-13] 
7 6 [6.72193258e-02 6.61376425e-04 5.00501733e-04 ... 2.55601233e-05
 1.55131807e-06 5.47092059e-13] 
7 7 [6.93439974e-02 6.08139770e-04 6.36965312e-04 ... 3.06079417e-05
 1.82335137e-07 2.26487978e-12] 
7 8 [7.19525396e-02 5.55951778e-04 7.61955729e-04 ... 3.82989830e-05
 1.27702459e-08 8.64517172e-12] 
7 9 [7.46081488e-02 5.11297653e-04 8.41916125e-04 ... 4.58264357e-05
 5.04143050e-10 3.04260671e-11] 
7 10 [7.68179084e-02 4.77170701e-04 8.48076969e-04 ... 5.06501217e-05
 1.07291084e-11 9.87328620e-11] 
7 11 [7.82849453e-02 4.56044431e-04 7.71192568e-04 ... 5.07792010e-05
 1.19785729e-13 2.95407363e-10] 
7 12 [7.90508130e-02 4.49389979e-04 6.31552392e-04 ... 4.54998155e-05
 7.00245698e-16 8.14937890e-10] 
7 13 [7.94015440e-02 4.56038900e-04 4.72357223e-04 ... 3.59977717e-05
 7.21530782e-18 2.07286555e-09] 
7 14 [7.96287733e-02 4.72349150e-04 3.37660648e-04 ... 2.49712713e-05
 3.32232800e-17 4.86139405e-09] 
7 15 [7.98689871e-02 4.94083751e-04 2.51436746e-04 ... 1.52220858e-05
 1.83773114e-16 1.05121837e-08] 
7 16 [8.01175876e-02 5.18337185e-04 2.12963074e-04 ... 8.30911045e-06
 8.49130372e-16 2.09588034e-08] 
7 17 [8.03232194e-02 5.43893612e-04 2.07085190e-04 ... 4.27695164e-06
 3.27693388e-15 3.85283269e-08] 
7 18 [8.04492179e-02 5.70074181e-04 2.16960574e-04 ... 2.32561030e-06
 1.05623821e-14 6.53029270e-08] 
7 19 [8.04872114e-02 5.95615417e-04 2.30828092e-04 ... 1.57406011e-06
 2.84352444e-14 1.02052413e-07] 
7 20 [8.04532597e-02 6.18639481e-04 2.42811872e-04 ... 1.40890816e-06
 6.39371019e-14 1.47045822e-07] 
7 21 [8.03789633e-02 6.37393614e-04 2.51124556e-04 ... 1.48706186e-06
 1.20074233e-13 1.95354502e-07] 
7 22 [8.02989600e-02 6.50868464e-04 2.56043380e-04 ... 1.63144507e-06
 1.88342179e-13 2.39298399e-07] 
7 23 [8.02404772e-02 6.58835482e-04 2.58480589e-04 ... 1.74938528e-06
 2.46743801e-13 2.70275599e-07] 
7 24 [8.02193228e-02 6.61453692e-04 2.59199062e-04 ... 1.79365673e-06
 2.69988835e-13 2.81467762e-07] 
8 0 [ 6.60681652e-02  6.73376093e-04  3.52878248e-04 ...  5.52761618e-05
  2.68219327e-04 -5.31771129e-17] 
8 1 [6.50473959e-02 6.96540390e-04 2.95938895e-04 ... 5.20453512e-05
 1.79143905e-04 5.08005935e-16] 
8 2 [6.46966392e-02 7.18244228e-04 2.70454077e-04 ... 4.36375155e-05
 9.48732786e-05 3.15709171e-15] 
8 3 [6.48859157e-02 7.26135250e-04 2.91827625e-04 ... 3.34379415e-05
 3.76529823e-05 1.80841053e-14] 
8 4 [6.56142380e-02 7.08999266e-04 3.66279036e-04 ... 2.62601414e-05
 1.04947908e-05 9.55103823e-14] 
8 5 [6.70251005e-02 6.66865841e-04 4.86012844e-04 ... 2.52835663e-05
 1.90986920e-06 4.65101638e-13] 
8 6 [6.92025863e-02 6.11328968e-04 6.28953278e-04 ... 3.02104185e-05
 2.09620775e-07 2.08828074e-12] 
8 7 [7.19525396e-02 5.55951778e-04 7.61955729e-04 ... 3.82989830e-05
 1.27702459e-08 8.64517172e-12] 
8 8 [7.47745660e-02 5.08661953e-04 8.44869837e-04 ... 4.62591593e-05
 3.97541839e-10 3.29990995e-11] 
8 9 [7.70770594e-02 4.73282798e-04 8.42002743e-04 ... 5.09921340e-05
 5.85641209e-12 1.16137978e-10] 
8 10 [7.85177892e-02 4.53195863e-04 7.42941852e-04 ... 5.00217732e-05
 3.83030008e-14 3.76868726e-10] 
8 11 [7.91990927e-02 4.50293404e-04 5.77485493e-04 ... 4.26456366e-05
 1.07909651e-16 1.12758548e-09] 
8 12 [7.95099164e-02 4.62681080e-04 4.04692531e-04 ... 3.08804403e-05
 1.24642996e-17 3.11065657e-09] 
8 13 [7.97742432e-02 4.85394547e-04 2.78139227e-04 ... 1.86487940e-05
 9.78555294e-17 7.91219784e-09] 
8 14 [8.00732263e-02 5.13723329e-04 2.17094815e-04 ... 9.35753170e-06
 6.48150283e-16 1.85559498e-08] 
8 15 [8.03351793e-02 5.45762689e-04 2.07445684e-04 ... 4.07892494e-06
 3.58564453e-15 4.01243038e-08] 
8 16 [8.04759829e-02 5.81295106e-04 2.22928910e-04 ... 1.89669238e-06
 1.65676016e-14 7.99955558e-08] 
8 17 [8.04532597e-02 6.18639481e-04 2.42811872e-04 ... 1.40890816e-06
 6.39371019e-14 1.47045822e-07] 
8 18 [8.02803142e-02 6.53539724e-04 2.56901537e-04 ... 1.66824536e-06
 2.06085361e-13 2.49208238e-07] 
8 19 [8.00240073e-02 6.81230195e-04 2.63130655e-04 ... 2.23449944e-06
 5.54807384e-13 3.89396342e-07] 
8 20 [7.97682521e-02 6.99209523e-04 2.63634130e-04 ... 2.91946427e-06
 1.24749328e-12 5.60975299e-07] 
8 21 [7.95697608e-02 7.08203209e-04 2.61563647e-04 ... 3.60842921e-06
 2.34279932e-12 7.45124387e-07] 
8 22 [7.94439107e-02 7.11107375e-04 2.59247760e-04 ... 4.19864719e-06
 3.67479281e-12 9.12568421e-07] 
8 23 [7.93795125e-02 7.11236027e-04 2.57736690e-04 ... 4.59734868e-06
 4.81428191e-12 1.03056511e-06] 
8 24 [7.93603554e-02 7.10993480e-04 2.57239191e-04 ... 4.73828365e-06
 5.26782176e-12 1.07318967e-06] 
9 0 [6.53173881e-02 6.88263339e-04 3.13007248e-04 ... 5.38329086e-05
 2.10848187e-04 2.62266322e-16] 
9 1 [6.47440251e-02 7.12207944e-04 2.74035949e-04 ... 4.66998448e-05
 1.19304729e-04 1.78851833e-15] 
9 2 [6.47809907e-02 7.26096294e-04 2.80409926e-04 ... 3.62319582e-05
 5.05828191e-05 1.11111600e-14] 
9 3 [6.53761665e-02 7.15833821e-04 3.42987072e-04 ... 2.75326436e-05
 1.49563309e-05 6.36457236e-14] 
9 4 [6.66659622e-02 6.77290365e-04 4.58100100e-04 ... 2.49387928e-05
 2.83743421e-06 3.36142004e-13] 
9 5 [6.87922355e-02 6.20844085e-04 6.04919615e-04 ... 2.90859797e-05
 3.14296325e-07 1.63689216e-12] 
9 6 [7.16147023e-02 5.62121691e-04 7.48154506e-04 ... 3.72948936e-05
 1.83267834e-08 7.34955565e-12] 
9 7 [7.46081488e-02 5.11297653e-04 8.41916125e-04 ... 4.58264357e-05
 5.04143050e-10 3.04260671e-11] 
9 8 [7.70770594e-02 4.73282798e-04 8.42002743e-04 ... 5.09921340e-05
 5.85641209e-12 1.16137978e-10] 
9 9 [7.85880448e-02 4.52414982e-04 7.32701559e-04 ... 4.96987977e-05
 2.58651049e-14 4.08739264e-10] 
9 10 [7.92608797e-02 4.51312842e-04 5.49612075e-04 ... 4.10252500e-05
 4.15464788e-17 1.32636160e-09] 
9 11 [7.95737031e-02 4.67664711e-04 3.66891938e-04 ... 2.76701652e-05
 2.11982098e-17 3.96844644e-09] 
9 12 [7.98830550e-02 4.95386703e-04 2.48138202e-04 ... 1.47556737e-05
 2.01085856e-16 1.09476495e-08] 
9 13 [8.02183159e-02 5.29716685e-04 2.07364352e-04 ... 6.17590623e-06
 1.59467157e-15 2.78458318e-08] 
9 14 [8.04492179e-02 5.70074181e-04 2.16960574e-04 ... 2.32561030e-06
 1.05623821e-14 6.53029270e-08] 
9 15 [8.04603370e-02 6.16005729e-04 2.41525450e-04 ... 1.41117461e-06
 5.84323555e-14 1.41197720e-07] 
9 16 [8.02193228e-02 6.61453692e-04 2.59199062e-04 ... 1.79365673e-06
 2.69988835e-13 2.81467762e-07] 
9 17 [7.98264887e-02 6.95749332e-04 2.63863322e-04 ... 2.74889661e-06
 1.04193136e-12 5.17265585e-07] 
9 18 [7.94674365e-02 7.10787520e-04 2.59742244e-04 ... 4.07343472e-06
 3.35840683e-12 8.76314475e-07] 
9 19 [7.92744326e-02 7.06411536e-04 2.54680927e-04 ... 5.67607282e-06
 9.04124822e-12 1.36853195e-06] 
9 20 [7.92571538e-02 6.89338197e-04 2.54367995e-04 ... 7.42380603e-06
 2.03293912e-11 1.97019025e-06] 
9 21 [7.93452134e-02 6.68261980e-04 2.59771693e-04 ... 9.12281656e-06
 3.81787096e-11 2.61494108e-06] 
9 22 [7.94581851e-02 6.49912251e-04 2.68087890e-04 ... 1.05500656e-05
 5.98851319e-11 3.20029125e-06] 
9 23 [7.95422462e-02 6.37969418e-04 2.75239048e-04 ... 1.15013097e-05
 7.84544656e-11 3.61225049e-06] 
9 24 [7.95724316e-02 6.33879173e-04 2.78016510e-04 ... 1.18351458e-05
 8.58454381e-11 3.76095492e-06] 
10 0 [6.48857954e-02 7.03303339e-04 2.84697928e-04 ... 5.00846865e-05
 1.53445532e-04 8.61366211e-16] 
10 1 [6.47048487e-02 7.23222558e-04 2.71953725e-04 ... 4.00944288e-05
 7.15682430e-05 5.80375716e-15] 
10 2 [6.51120860e-02 7.22474794e-04 3.15937363e-04 ... 2.98882474e-05
 2.34039784e-05 3.60558162e-14] 
10 3 [6.61976868e-02 6.91333014e-04 4.19254688e-04 ... 2.49532153e-05
 4.90217903e-06 2.06530957e-13] 
10 4 [6.81565450e-02 6.36408960e-04 5.65235602e-04 ... 2.74657326e-05
 5.91704173e-07 1.09078389e-12] 
10 5 [7.09530494e-02 5.74647708e-04 7.19059396e-04 ... 3.53216029e-05
 3.64815885e-08 5.31173009e-12] 
10 6 [7.41016051e-02 5.19409759e-04 8.31170187e-04 ... 4.44701687e-05
 1.00524221e-09 2.38493753e-11] 
10 7 [7.68179084e-02 4.77170701e-04 8.48076969e-04 ... 5.06501217e-05
 1.07291084e-11 9.87328620e-11] 
10 8 [7.85177892e-02 4.53195863e-04 7.42941852e-04 ... 5.00217732e-05
 3.83030008e-14 3.76868726e-10] 
10 9 [7.92608797e-02 4.51312842e-04 5.49612075e-04 ... 4.10252500e-05
 4.15464788e-17 1.32636160e-09] 
10 10 [7.95954367e-02 4.69482284e-04 3.54926471e-04 ... 2.65907284e-05
 2.53671640e-17 4.30404351e-09] 
10 11 [7.99404053e-02 5.00750831e-04 2.36252704e-04 ... 1.29573714e-05
 2.88256914e-16 1.28775297e-08] 
10 12 [8.02984306e-02 5.40222467e-04 2.06610530e-04 ... 4.69876695e-06
 2.73696077e-15 3.55242840e-08] 
10 13 [8.04846715e-02 5.88341400e-04 2.26815907e-04 ... 1.71123666e-06
 2.17049257e-14 9.03534918e-08] 
10 14 [8.03496417e-02 6.42796450e-04 2.53211238e-04 ... 1.53666166e-06
 1.43763597e-13 2.11870556e-07] 
10 15 [7.99129674e-02 6.89943117e-04 2.63851804e-04 ... 2.51314865e-06
 7.95317332e-13 4.57998734e-07] 
10 16 [7.94439107e-02 7.11107375e-04 2.59247760e-04 ... 4.19864719e-06
 3.67479281e-12 9.12568421e-07] 
10 17 [7.92469313e-02 6.98415772e-04 2.53749990e-04 ... 6.59167208e-06
 1.41816303e-11 1.67568839e-06] 
10 18 [7.93858601e-02 6.61198455e-04 2.62593605e-04 ... 9.67093867e-06
 4.57109610e-11 2.83507099e-06] 
10 19 [7.97009524e-02 6.17198571e-04 2.91221603e-04 ... 1.32583008e-05
 1.23059580e-10 4.41903447e-06] 
10 20 [7.99968246e-02 5.80279372e-04 3.34110019e-04 ... 1.70110131e-05
 2.76701421e-10 6.34623591e-06] 
10 21 [8.01691667e-02 5.55526490e-04 3.80621651e-04 ... 2.04931516e-05
 5.19646763e-10 8.40008911e-06] 
10 22 [8.02196409e-02 5.41633045e-04 4.20701510e-04 ... 2.32864177e-05
 8.15090716e-10 1.02541831e-05] 
10 23 [8.02082310e-02 5.35161109e-04 4.47311852e-04 ... 2.50789702e-05
 1.06783602e-09 1.15529024e-05] 
10 24 [8.01962292e-02 5.33337958e-04 4.56583634e-04 ... 2.56946755e-05
 1.16843378e-09 1.20204310e-05] 
11 0 [6.47074006e-02 7.16213417e-04 2.71214063e-04 ... 4.47660117e-05
 1.03333156e-04 2.57719043e-15] 
11 1 [6.48755248e-02 7.26210084e-04 2.90702604e-04 ... 3.36639631e-05
 3.86379035e-05 1.73647642e-14] 
11 2 [6.56944652e-02 7.06610407e-04 3.73899086e-04 ... 2.59534505e-05
 9.38035970e-06 1.07878523e-13] 
11 3 [6.73715193e-02 6.57150634e-04 5.11578588e-04 ... 2.58120078e-05
 1.32129522e-06 6.17937878e-13] 
11 4 [7.00073523e-02 5.93745318e-04 6.72788349e-04 ... 3.25203172e-05
 9.45917410e-08 3.26361089e-12] 
11 5 [7.32421594e-02 5.33547413e-04 8.07653828e-04 ... 4.20646765e-05
 2.95589103e-09 1.58926257e-11] 
11 6 [7.62612328e-02 4.85610505e-04 8.54869230e-04 ... 4.96916262e-05
 3.40072414e-11 7.13570112e-11] 
11 7 [7.82849453e-02 4.56044431e-04 7.71192568e-04 ... 5.07792010e-05
 1.19785729e-13 2.95407363e-10] 
11 8 [7.91990927e-02 4.50293404e-04 5.77485493e-04 ... 4.26456366e-05
 1.07909651e-16 1.12758548e-09] 
11 9 [7.95737031e-02 4.67664711e-04 3.66891938e-04 ... 2.76701652e-05
 2.11982098e-17 3.96844644e-09] 
11 10 [7.99404053e-02 5.00750831e-04 2.36252704e-04 ... 1.29573714e-05
 2.88256914e-16 1.28775297e-08] 
11 11 [8.03232194e-02 5.43893612e-04 2.07085190e-04 ... 4.27695164e-06
 3.27693388e-15 3.85283269e-08] 
11 12 [8.04866066e-02 5.98088644e-04 2.32179001e-04 ... 1.53828584e-06
 3.11140481e-14 1.06279427e-07] 
11 13 [8.02404772e-02 6.58835482e-04 2.58480589e-04 ... 1.74938528e-06
 2.46743801e-13 2.70275599e-07] 
11 14 [7.96814160e-02 7.03698958e-04 2.62966584e-04 ... 3.19654218e-06
 1.63431917e-12 6.33555087e-07] 
11 15 [7.92744326e-02 7.06411536e-04 2.54680927e-04 ... 5.67607282e-06
 9.04124822e-12 1.36853195e-06] 
11 16 [7.93647357e-02 6.64780695e-04 2.61102751e-04 ... 9.39318670e-06
 4.17754175e-11 2.72279313e-06] 
11 17 [7.98017928e-02 6.04603961e-04 3.03434462e-04 ... 1.44218716e-05
 1.61218206e-10 4.98640883e-06] 
11 18 [8.01691667e-02 5.55526490e-04 3.80621651e-04 ... 2.04931516e-05
 5.19646763e-10 8.40008911e-06] 
11 19 [8.01587299e-02 5.30207493e-04 4.75699844e-04 ... 2.69515523e-05
 1.39895315e-09 1.30113200e-05] 
11 20 [7.97326397e-02 5.24696124e-04 5.70008317e-04 ... 3.29354028e-05
 3.14556637e-09 1.85352640e-05] 
11 21 [7.90688923e-02 5.29356416e-04 6.50387407e-04 ... 3.77174689e-05
 5.90738443e-09 2.43126498e-05] 
11 22 [7.84107758e-02 5.36430949e-04 7.09782542e-04 ... 4.09713078e-05
 9.26600182e-09 2.94272728e-05] 
11 23 [7.79485894e-02 5.41740365e-04 7.45580654e-04 ... 4.27662907e-05
 1.21392121e-08 3.29512709e-05] 
11 24 [7.77845895e-02 5.43638160e-04 7.57466234e-04 ... 4.33272856e-05
 1.32828061e-08 3.42078649e-05] 
12 0 [6.47210775e-02 7.24427328e-04 2.73800573e-04 ... 3.88849761e-05
 6.45601827e-05 7.10967764e-15] 
12 1 [6.52346179e-02 7.19578325e-04 3.28645902e-04 ... 2.86341535e-05
 1.88356293e-05 4.79040553e-14] 
12 2 [6.65411365e-02 6.80990433e-04 4.48031509e-04 ... 2.48823226e-05
 3.26982452e-06 2.97603735e-13] 
12 3 [6.88591535e-02 6.19265111e-04 6.08920355e-04 ... 2.92659519e-05
 2.94180355e-07 1.70470096e-12] 
12 4 [7.20375788e-02 5.54420589e-04 7.65314985e-04 ... 3.85509758e-05
 1.16460982e-08 9.00330079e-12] 
12 5 [7.53444594e-02 4.99729700e-04 8.52517761e-04 ... 4.76806498e-05
 1.67839042e-10 4.38428759e-11] 
12 6 [7.78210292e-02 4.62383718e-04 8.09485440e-04 ... 5.13663363e-05
 7.10827822e-13 1.96852074e-10] 
12 7 [7.90508130e-02 4.49389979e-04 6.31552392e-04 ... 4.54998155e-05
 7.00245698e-16 8.14937890e-10] 
12 8 [7.95099164e-02 4.62681080e-04 4.04692531e-04 ... 3.08804403e-05
 1.24642996e-17 3.11065657e-09] 
12 9 [7.98830550e-02 4.95386703e-04 2.48138202e-04 ... 1.47556737e-05
 2.01085856e-16 1.09476495e-08] 
12 10 [8.02984306e-02 5.40222467e-04 2.06610530e-04 ... 4.69876695e-06
 2.73696077e-15 3.55242840e-08] 
12 11 [8.04866066e-02 5.98088644e-04 2.32179001e-04 ... 1.53828584e-06
 3.11140481e-14 1.06279427e-07] 
12 12 [8.01973737e-02 6.64047746e-04 2.59868748e-04 ... 1.84036047e-06
 2.95423717e-13 2.93123203e-07] 
12 13 [7.95697608e-02 7.08203209e-04 2.61563647e-04 ... 3.60842921e-06
 2.34279932e-12 7.45124387e-07] 
12 14 [7.92467369e-02 6.96364753e-04 2.53770702e-04 ... 6.79098360e-06
 1.55176415e-11 1.74491886e-06] 
12 15 [7.95724316e-02 6.33879173e-04 2.78016510e-04 ... 1.18351458e-05
 8.58454381e-11 3.76095492e-06] 
12 16 [8.01064961e-02 5.65489261e-04 3.59283079e-04 ... 1.89390776e-05
 3.96651942e-10 7.45008409e-06] 
12 17 [8.01328507e-02 5.28903083e-04 4.85533452e-04 ... 2.75919790e-05
 1.53074448e-09 1.35360499e-05] 
12 18 [7.92896896e-02 5.27325334e-04 6.26980365e-04 ... 3.63624207e-05
 4.93396771e-09 2.25087597e-05] 
12 19 [7.77845895e-02 5.43638160e-04 7.57466234e-04 ... 4.33272856e-05
 1.32828061e-08 3.42078649e-05] 
12 20 [7.61530068e-02 5.61882761e-04 8.60449933e-04 ... 4.71160545e-05
 2.98663770e-08 4.75420756e-05] 
12 21 [7.48468422e-02 5.74748371e-04 9.29651959e-04 ... 4.77538159e-05
 5.60885214e-08 6.06476467e-05] 
12 22 [7.40228216e-02 5.81552898e-04 9.68362893e-04 ... 4.65078339e-05
 8.79761420e-08 7.14978952e-05] 
12 23 [7.36117961e-02 5.84292094e-04 9.85626312e-04 ... 4.49857765e-05
 1.15254414e-07 7.85478922e-05] 
12 24 [7.34923816e-02 5.84950355e-04 9.90206749e-04 ... 4.43451385e-05
 1.26111502e-07 8.09758452e-05] 
13 0 [6.48859157e-02 7.26135250e-04 2.91827625e-04 ... 3.34379415e-05
 3.76529823e-05 1.80841053e-14] 
13 1 [6.57789759e-02 7.04067745e-04 3.81805135e-04 ... 2.56832664e-05
 8.36019507e-06 1.21848278e-13] 
13 2 [6.76377147e-02 6.49920548e-04 5.30402034e-04 ... 2.63142748e-05
 1.00219822e-06 7.56981900e-13] 
13 3 [7.05513484e-02 5.82573365e-04 7.00080163e-04 ... 3.41258077e-05
 5.48744294e-08 4.33606038e-12] 
13 4 [7.40163179e-02 5.20790192e-04 8.29119057e-04 ... 4.42367357e-05
 1.12416322e-09 2.29007061e-11] 
13 5 [7.70135397e-02 4.74232806e-04 8.43692310e-04 ... 5.09158518e-05
 6.82598301e-12 1.11518297e-10] 
13 6 [7.87482397e-02 4.50844741e-04 7.05422918e-04 ... 4.87342484e-05
 9.41949158e-15 5.00710850e-10] 
13 7 [7.94015440e-02 4.56038900e-04 4.72357223e-04 ... 3.59977717e-05
 7.21530782e-18 2.07286555e-09] 
13 8 [7.97742432e-02 4.85394547e-04 2.78139227e-04 ... 1.86487940e-05
 9.78555294e-17 7.91219784e-09] 
13 9 [8.02183159e-02 5.29716685e-04 2.07364352e-04 ... 6.17590623e-06
 1.59467157e-15 2.78458318e-08] 
13 10 [8.04846715e-02 5.88341400e-04 2.26815907e-04 ... 1.71123666e-06
 2.17049257e-14 9.03534918e-08] 
13 11 [8.02404772e-02 6.58835482e-04 2.58480589e-04 ... 1.74938528e-06
 2.46743801e-13 2.70275599e-07] 
13 12 [7.95697608e-02 7.08203209e-04 2.61563647e-04 ... 3.60842921e-06
 2.34279932e-12 7.45124387e-07] 
13 13 [7.92518384e-02 6.91823521e-04 2.54072819e-04 ... 7.20690700e-06
 1.85791063e-11 1.89205078e-06] 
13 14 [7.97009524e-02 6.17198571e-04 2.91221603e-04 ... 1.32583008e-05
 1.23059580e-10 4.41903447e-06] 
13 15 [8.02088193e-02 5.46747826e-04 4.04009933e-04 ... 2.21391609e-05
 6.80780114e-10 9.46882043e-06] 
13 16 [7.97326397e-02 5.24696124e-04 5.70008317e-04 ... 3.29354028e-05
 3.14556637e-09 1.85352640e-05] 
13 17 [7.79485894e-02 5.41740365e-04 7.45580654e-04 ... 4.27662907e-05
 1.21392121e-08 3.29512709e-05] 
13 18 [7.55833635e-02 5.67740847e-04 8.91787868e-04 ... 4.76931518e-05
 3.91272490e-08 5.28557362e-05] 
13 19 [7.37403879e-02 5.83503439e-04 9.80438553e-04 ... 4.55596344e-05
 1.05331971e-07 7.61571930e-05] 
13 20 [7.29512892e-02 5.85630317e-04 1.00277125e-03 ... 3.80554299e-05
 2.36824226e-07 9.87015584e-05] 
13 21 [7.29766855e-02 5.79164406e-04 9.74999960e-04 ... 2.91927742e-05
 4.44705790e-07 1.16291657e-04] 
13 22 [7.33117152e-02 5.70684208e-04 9.27681630e-04 ... 2.21233197e-05
 6.97439906e-07 1.27107070e-04] 
13 23 [7.36067682e-02 5.64568767e-04 8.88480707e-04 ... 1.79482831e-05
 9.13585631e-07 1.32161407e-04] 
13 24 [7.37163190e-02 5.62443895e-04 8.73725900e-04 ... 1.66059323e-05
 9.99599670e-07 1.33520278e-04] 
14 0 [6.51798556e-02 7.20922545e-04 3.22999283e-04 ... 2.91541069e-05
 2.07060100e-05 4.24119141e-14] 
14 1 [6.65006966e-02 6.82196748e-04 4.44726527e-04 ... 2.48723946e-05
 3.42546684e-06 2.85765794e-13] 
14 2 [6.89266668e-02 6.17683058e-04 6.12924074e-04 ... 2.94489734e-05
 2.75203376e-07 1.77531875e-12] 
14 3 [7.22938498e-02 5.49856331e-04 7.75153829e-04 ... 3.93079919e-05
 8.79366458e-09 1.01691854e-11] 
14 4 [7.57369419e-02 4.93651085e-04 8.55234574e-04 ... 4.85919121e-05
 8.79326132e-11 5.37080900e-11] 
14 5 [7.81558127e-02 4.57743847e-04 7.83864095e-04 ... 5.10416967e-05
 2.07518371e-13 2.61539279e-10] 
14 6 [7.92152187e-02 4.50512848e-04 5.70554027e-04 ... 4.22520752e-05
 8.49488691e-17 1.17429603e-09] 
14 7 [7.96287733e-02 4.72349150e-04 3.37660648e-04 ... 2.49712713e-05
 3.32232800e-17 4.86139405e-09] 
14 8 [8.00732263e-02 5.13723329e-04 2.17094815e-04 ... 9.35753170e-06
 6.48150283e-16 1.85559498e-08] 
14 9 [8.04492179e-02 5.70074181e-04 2.16960574e-04 ... 2.32561030e-06
 1.05623821e-14 6.53029270e-08] 
14 10 [8.03496417e-02 6.42796450e-04 2.53211238e-04 ... 1.53666166e-06
 1.43763597e-13 2.11870556e-07] 
14 11 [7.96814160e-02 7.03698958e-04 2.62966584e-04 ... 3.19654218e-06
 1.63431917e-12 6.33555087e-07] 
14 12 [7.92467369e-02 6.96364753e-04 2.53770702e-04 ... 6.79098360e-06
 1.55176415e-11 1.74491886e-06] 
14 13 [7.97009524e-02 6.17198571e-04 2.91221603e-04 ... 1.32583008e-05
 1.23059580e-10 4.41903447e-06] 
14 14 [8.02196409e-02 5.41633045e-04 4.20701510e-04 ... 2.32864177e-05
 8.15090716e-10 1.02541831e-05] 
14 15 [7.93907332e-02 5.26508214e-04 6.15391604e-04 ... 3.56791276e-05
 4.50917225e-09 2.16546890e-05] 
14 16 [7.69043859e-02 5.53693357e-04 8.15896083e-04 ... 4.57577580e-05
 2.08346463e-08 4.11486595e-05] 
14 17 [7.41754466e-02 5.80400958e-04 9.61535556e-04 ... 4.68833434e-05
 8.04020283e-08 6.92335865e-05] 
14 18 [7.29198274e-02 5.85141686e-04 1.00144801e-03 ... 3.69201351e-05
 2.59131627e-07 1.01278971e-04] 
14 19 [7.33117152e-02 5.70684208e-04 9.27681630e-04 ... 2.21233197e-05
 6.97439906e-07 1.27107070e-04] 
14 20 [7.43123593e-02 5.52032609e-04 7.88794537e-04 ... 1.05186784e-05
 1.56736450e-06 1.37177614e-04] 
14 21 [7.51585316e-02 5.42194306e-04 6.47433658e-04 ... 4.42073622e-06
 2.94086022e-06 1.30947947e-04] 
14 22 [7.57029964e-02 5.42156012e-04 5.41067291e-04 ... 1.93875819e-06
 4.60754763e-06 1.16923438e-04] 
14 23 [7.60037180e-02 5.45556474e-04 4.79659481e-04 ... 1.06910800e-06
 6.03008216e-06 1.04839435e-04] 
14 24 [7.61009290e-02 5.47224750e-04 4.60098147e-04 ... 8.60211098e-07
 6.59541754e-06 1.00293009e-04] 
15 0 [6.55884260e-02 7.09761077e-04 3.63803221e-04 ... 2.63703171e-05
 1.08881122e-05 9.17112152e-14] 
15 1 [6.73715193e-02 6.57150634e-04 5.11578588e-04 ... 2.58120078e-05
 1.32129522e-06 6.17937878e-13] 
15 2 [7.03154217e-02 5.87353490e-04 6.88470013e-04 ... 3.34268220e-05
 6.95601840e-08 3.83893638e-12] 
15 3 [7.39308348e-02 5.22178381e-04 8.26997369e-04 ... 4.40014611e-05
 1.25602488e-09 2.19897725e-11] 
15 4 [7.70770594e-02 4.73282798e-04 8.42002743e-04 ... 5.09921340e-05
 5.85641209e-12 1.16137978e-10] 
15 5 [7.88342159e-02 4.50170516e-04 6.87983268e-04 ... 4.80470460e-05
 5.03593670e-15 5.65550493e-10] 
15 6 [7.94567866e-02 4.59091027e-04 4.37964259e-04 ... 3.34882461e-05
 8.40678968e-18 2.53928602e-09] 
15 7 [7.98689871e-02 4.94083751e-04 2.51436746e-04 ... 1.52220858e-05
 1.83773114e-16 1.05121837e-08] 
15 8 [8.03351793e-02 5.45762689e-04 2.07445684e-04 ... 4.07892494e-06
 3.58564453e-15 4.01243038e-08] 
15 9 [8.04603370e-02 6.16005729e-04 2.41525450e-04 ... 1.41117461e-06
 5.84323555e-14 1.41197720e-07] 
15 10 [7.99129674e-02 6.89943117e-04 2.63851804e-04 ... 2.51314865e-06
 7.95317332e-13 4.57998734e-07] 
15 11 [7.92744326e-02 7.06411536e-04 2.54680927e-04 ... 5.67607282e-06
 9.04124822e-12 1.36853195e-06] 
15 12 [7.95724316e-02 6.33879173e-04 2.78016510e-04 ... 1.18351458e-05
 8.58454381e-11 3.76095492e-06] 
15 13 [8.02088193e-02 5.46747826e-04 4.04009933e-04 ... 2.21391609e-05
 6.80780114e-10 9.46882043e-06] 
15 14 [7.93907332e-02 5.26508214e-04 6.15391604e-04 ... 3.56791276e-05
 4.50917225e-09 2.16546890e-05] 
15 15 [7.65317195e-02 5.57813360e-04 8.38500494e-04 ... 4.65130262e-05
 2.49450526e-08 4.42484029e-05] 
15 16 [7.36117961e-02 5.84292094e-04 9.85626312e-04 ... 4.49857765e-05
 1.15254414e-07 7.85478922e-05] 
15 17 [7.29766855e-02 5.79164406e-04 9.74999960e-04 ... 2.91927742e-05
 4.44705790e-07 1.16291657e-04] 
15 18 [7.41892702e-02 5.54014429e-04 8.07131038e-04 ... 1.16366334e-05
 1.43254260e-06 1.36915480e-04] 
15 19 [7.54924151e-02 5.41322974e-04 5.83420852e-04 ... 2.75989285e-06
 3.85036456e-06 1.23501475e-04] 
15 20 [7.63876795e-02 5.53522428e-04 4.05342113e-04 ... 4.20766033e-07
 8.62735887e-06 8.54664940e-05] 
15 21 [7.70556368e-02 5.70519623e-04 3.10167866e-04 ... 5.15672871e-08
 1.61057365e-05 4.85955054e-05] 
15 22 [7.75158272e-02 5.76516896e-04 2.76283908e-04 ... 7.27445175e-09
 2.50682535e-05 2.62196055e-05] 
15 23 [7.77479242e-02 5.74438643e-04 2.68241981e-04 ... 1.78804548e-09
 3.26157169e-05 1.62038856e-05] 
15 24 [7.78116198e-02 5.72578021e-04 2.67058629e-04 ... 1.07249031e-09
 3.55883013e-05 1.35061207e-05] 
16 0 [6.60931983e-02 6.94511921e-04 4.10165613e-04 ... 2.50566406e-05
 5.57372443e-06 1.82852437e-13] 
16 1 [6.83407793e-02 6.31789586e-04 5.77059498e-04 ... 2.79161002e-05
 4.92051371e-07 1.23203521e-12] 
16 2 [7.16987848e-02 5.60572723e-04 7.51656931e-04 ... 3.75451745e-05
 1.67624568e-08 7.65401340e-12] 
16 3 [7.53444594e-02 4.99729700e-04 8.52517761e-04 ... 4.76806498e-05
 1.67839042e-10 4.38428759e-11] 
16 4 [7.80180810e-02 4.59619323e-04 7.95529619e-04 ... 5.12291912e-05
 3.54772327e-13 2.31554127e-10] 
16 5 [7.91990927e-02 4.50293404e-04 5.77485493e-04 ... 4.26456366e-05
 1.07909651e-16 1.12758548e-09] 
16 6 [7.96401160e-02 4.73341358e-04 3.32099054e-04 ... 2.44326215e-05
 3.63516586e-17 5.06277789e-09] 
16 7 [8.01175876e-02 5.18337185e-04 2.12963074e-04 ... 8.30911045e-06
 8.49130372e-16 2.09588034e-08] 
16 8 [8.04759829e-02 5.81295106e-04 2.22928910e-04 ... 1.89669238e-06
 1.65676016e-14 7.99955558e-08] 
16 9 [8.02193228e-02 6.61453692e-04 2.59199062e-04 ... 1.79365673e-06
 2.69988835e-13 2.81467762e-07] 
16 10 [7.94439107e-02 7.11107375e-04 2.59247760e-04 ... 4.19864719e-06
 3.67479281e-12 9.12568421e-07] 
16 11 [7.93647357e-02 6.64780695e-04 2.61102751e-04 ... 9.39318670e-06
 4.17754175e-11 2.72279313e-06] 
16 12 [8.01064961e-02 5.65489261e-04 3.59283079e-04 ... 1.89390776e-05
 3.96651942e-10 7.45008409e-06] 
16 13 [7.97326397e-02 5.24696124e-04 5.70008317e-04 ... 3.29354028e-05
 3.14556637e-09 1.85352640e-05] 
16 14 [7.69043859e-02 5.53693357e-04 8.15896083e-04 ... 4.57577580e-05
 2.08346463e-08 4.11486595e-05] 
16 15 [7.36117961e-02 5.84292094e-04 9.85626312e-04 ... 4.49857765e-05
 1.15254414e-07 7.85478922e-05] 
16 16 [7.30831060e-02 5.76098562e-04 9.58845309e-04 ... 2.63868508e-05
 5.32414707e-07 1.20894799e-04] 
16 17 [7.46823498e-02 5.46763252e-04 7.30524527e-04 ... 7.52156574e-06
 2.05273440e-06 1.36326685e-04] 
16 18 [7.61009290e-02 5.47224750e-04 4.60098147e-04 ... 8.60211098e-07
 6.59541754e-06 1.00293009e-04] 
16 19 [7.71509671e-02 5.72437308e-04 3.01080731e-04 ... 3.60684135e-08
 1.76010010e-05 4.36596987e-05] 
16 20 [7.78664939e-02 5.70103940e-04 2.66403956e-04 ... 6.28427810e-10
 3.88201323e-05 1.11247577e-05] 
16 21 [7.79155741e-02 5.36677637e-04 2.63393808e-04 ... 7.01695068e-12
 7.05073917e-05 1.93096744e-06] 
16 22 [7.75167552e-02 5.02034154e-04 2.43959870e-04 ... 1.05111638e-13
 1.05852897e-04 3.22554720e-07] 
16 23 [7.71048211e-02 4.81861653e-04 2.20533906e-04 ... 5.12352332e-15
 1.33300551e-04 8.29429418e-08] 
16 24 [7.69405179e-02 4.75774739e-04 2.10950992e-04 ... 1.69978611e-15
 1.43517757e-04 4.98635739e-08] 
17 0 [6.66659622e-02 6.77290365e-04 4.58100100e-04 ... 2.49387928e-05
 2.83743421e-06 3.36142004e-13] 
17 1 [6.93439974e-02 6.08139770e-04 6.36965312e-04 ... 3.06079417e-05
 1.82335137e-07 2.26487978e-12] 
17 2 [7.29829128e-02 5.37923162e-04 7.99406887e-04 ... 4.13196163e-05
 4.01799800e-09 1.40705557e-11] 
17 3 [7.64756805e-02 4.82346728e-04 8.53142220e-04 ... 5.00913005e-05
 2.22577664e-11 8.05974042e-11] 
17 4 [7.86218286e-02 4.52056960e-04 7.27433973e-04 ... 4.95238984e-05
 2.12033666e-14 4.25671416e-10] 
17 5 [7.94015440e-02 4.56038900e-04 4.72357223e-04 ... 3.59977717e-05
 7.21530782e-18 2.07286555e-09] 
17 6 [7.98275423e-02 4.90266753e-04 2.62112417e-04 ... 1.66580330e-05
 1.40275992e-16 9.30698617e-09] 
17 7 [8.03232194e-02 5.43893612e-04 2.07085190e-04 ... 4.27695164e-06
 3.27693388e-15 3.85283269e-08] 
17 8 [8.04532597e-02 6.18639481e-04 2.42811872e-04 ... 1.40890816e-06
 6.39371019e-14 1.47045822e-07] 
17 9 [7.98264887e-02 6.95749332e-04 2.63863322e-04 ... 2.74889661e-06
 1.04193136e-12 5.17265585e-07] 
17 10 [7.92469313e-02 6.98415772e-04 2.53749990e-04 ... 6.59167208e-06
 1.41816303e-11 1.67568839e-06] 
17 11 [7.98017928e-02 6.04603961e-04 3.03434462e-04 ... 1.44218716e-05
 1.61218206e-10 4.98640883e-06] 
17 12 [8.01328507e-02 5.28903083e-04 4.85533452e-04 ... 2.75919790e-05
 1.53074448e-09 1.35360499e-05] 
17 13 [7.79485894e-02 5.41740365e-04 7.45580654e-04 ... 4.27662907e-05
 1.21392121e-08 3.29512709e-05] 
17 14 [7.41754466e-02 5.80400958e-04 9.61535556e-04 ... 4.68833434e-05
 8.04020283e-08 6.92335865e-05] 
17 15 [7.29766855e-02 5.79164406e-04 9.74999960e-04 ... 2.91927742e-05
 4.44705790e-07 1.16291657e-04] 
17 16 [7.46823498e-02 5.46763252e-04 7.30524527e-04 ... 7.52156574e-06
 2.05273440e-06 1.36326685e-04] 
17 17 [7.62926100e-02 5.51238535e-04 4.22855037e-04 ... 5.39896742e-07
 7.88899570e-06 9.05751315e-05] 
17 18 [7.75158272e-02 5.76516896e-04 2.76283908e-04 ... 7.27445175e-09
 2.50682535e-05 2.62196055e-05] 
17 19 [7.79501849e-02 5.42936276e-04 2.64775903e-04 ... 1.45889340e-11
 6.48482125e-05 2.60145354e-06] 
17 20 [7.71048211e-02 4.81861653e-04 2.20533906e-04 ... 5.12352332e-15
 1.33300551e-04 8.29429418e-08] 
17 21 [7.56500438e-02 4.49709190e-04 1.46526273e-04 ... 6.85647571e-19
 2.13607887e-04 1.14678579e-09] 
17 22 [7.39921001e-02 4.43018117e-04 1.13804527e-04 ... 1.48154747e-22
 2.71100443e-04 1.48549834e-11] 
17 23 [7.26168969e-02 4.46332119e-04 1.19795244e-04 ... 3.20905591e-25
 2.92587976e-04 5.45751489e-13] 
17 24 [7.20976904e-02 4.48981771e-04 1.27418064e-04 ... 3.36772333e-26
 2.95559039e-04 1.57786356e-13] 
18 0 [6.72694328e-02 6.59977772e-04 5.04174772e-04 ... 2.56398927e-05
 1.47115220e-06 5.69755527e-13] 
18 1 [7.03154217e-02 5.87353490e-04 6.88470013e-04 ... 3.34268220e-05
 6.95601840e-08 3.83893638e-12] 
18 2 [7.41016051e-02 5.19409759e-04 8.31170187e-04 ... 4.44701687e-05
 1.00524221e-09 2.38493753e-11] 
18 3 [7.73224003e-02 4.69635299e-04 8.34091881e-04 ... 5.12327266e-05
 3.13357785e-12 1.36611354e-10] 
18 4 [7.89850713e-02 4.49440584e-04 6.50977609e-04 ... 4.64290374e-05
 1.37343373e-15 7.21506320e-10] 
18 5 [7.95416353e-02 4.65083297e-04 3.85460132e-04 ... 2.92828320e-05
 1.62160220e-17 3.51347045e-09] 
18 6 [8.00138626e-02 5.07800681e-04 2.24330931e-04 ... 1.08761604e-05
 4.52144758e-16 1.57750929e-08] 
18 7 [8.04492179e-02 5.70074181e-04 2.16960574e-04 ... 2.32561030e-06
 1.05623821e-14 6.53029270e-08] 
18 8 [8.02803142e-02 6.53539724e-04 2.56901537e-04 ... 1.66824536e-06
 2.06085361e-13 2.49208238e-07] 
18 9 [7.94674365e-02 7.10787520e-04 2.59742244e-04 ... 4.07343472e-06
 3.35840683e-12 8.76314475e-07] 
18 10 [7.93858601e-02 6.61198455e-04 2.62593605e-04 ... 9.67093867e-06
 4.57109610e-11 2.83507099e-06] 
18 11 [8.01691667e-02 5.55526490e-04 3.80621651e-04 ... 2.04931516e-05
 5.19646763e-10 8.40008911e-06] 
18 12 [7.92896896e-02 5.27325334e-04 6.26980365e-04 ... 3.63624207e-05
 4.93396771e-09 2.25087597e-05] 
18 13 [7.55833635e-02 5.67740847e-04 8.91787868e-04 ... 4.76931518e-05
 3.91272490e-08 5.28557362e-05] 
18 14 [7.29198274e-02 5.85141686e-04 1.00144801e-03 ... 3.69201351e-05
 2.59131627e-07 1.01278971e-04] 
18 15 [7.41892702e-02 5.54014429e-04 8.07131038e-04 ... 1.16366334e-05
 1.43254260e-06 1.36915480e-04] 
18 16 [7.61009290e-02 5.47224750e-04 4.60098147e-04 ... 8.60211098e-07
 6.59541754e-06 1.00293009e-04] 
18 17 [7.75158272e-02 5.76516896e-04 2.76283908e-04 ... 7.27445175e-09
 2.50682535e-05 2.62196055e-05] 
18 18 [7.78658578e-02 5.30081732e-04 2.61305304e-04 ... 3.26275375e-12
 7.66075607e-05 1.40707677e-06] 
18 19 [7.63657343e-02 4.60322891e-04 1.78849570e-04 ... 4.48837779e-17
 1.77057179e-04 8.93186677e-09] 
18 20 [7.35672556e-02 4.43420880e-04 1.13166297e-04 ... 2.11650416e-23
 2.79990199e-04 5.27237863e-12] 
18 21 [6.99494179e-02 4.68616225e-04 1.89475680e-04 ... 1.21112965e-30
 2.77445249e-04 4.80637493e-16] 
18 22 [6.84771909e-02 5.06711958e-04 3.44341858e-04 ... 1.20865459e-37
 1.81366126e-04 3.30101979e-20] 
18 23 [6.90824922e-02 5.23686682e-04 4.79498731e-04 ... 7.98919704e-43
 1.04930674e-04 2.02767644e-23] 
18 24 [6.95435504e-02 5.26447417e-04 5.30244028e-04 ... 9.54413665e-45
 8.16510006e-05 1.22985668e-24] 
19 0 [6.78620093e-02 6.43986547e-04 5.45749379e-04 ... 2.67879155e-05
 7.96740084e-07 8.90426419e-13] 
19 1 [7.11986806e-02 5.69924802e-04 7.30176342e-04 ... 3.60544122e-05
 2.83275526e-08 5.99957387e-12] 
19 2 [7.50213888e-02 5.04776525e-04 8.48673375e-04 ... 4.68871805e-05
 2.76358433e-10 3.72723258e-11] 
19 3 [7.79214686e-02 4.60964578e-04 8.02737728e-04 ... 5.13135928e-05
 5.03597917e-13 2.13499204e-10] 
19 4 [7.91990927e-02 4.50293404e-04 5.77485493e-04 ... 4.26456366e-05
 1.07909651e-16 1.12758548e-09] 
19 5 [7.96631891e-02 4.75379348e-04 3.21282838e-04 ... 2.33589566e-05
 4.35214928e-17 5.49091807e-09] 
19 6 [8.01758264e-02 5.24730375e-04 2.09098766e-04 ... 7.03594042e-06
 1.21722984e-15 2.46534269e-08] 
19 7 [8.04872114e-02 5.95615417e-04 2.30828092e-04 ... 1.57406011e-06
 2.84352444e-14 1.02052413e-07] 
19 8 [8.00240073e-02 6.81230195e-04 2.63130655e-04 ... 2.23449944e-06
 5.54807384e-13 3.89396342e-07] 
19 9 [7.92744326e-02 7.06411536e-04 2.54680927e-04 ... 5.67607282e-06
 9.04124822e-12 1.36853195e-06] 
19 10 [7.97009524e-02 6.17198571e-04 2.91221603e-04 ... 1.32583008e-05
 1.23059580e-10 4.41903447e-06] 
19 11 [8.01587299e-02 5.30207493e-04 4.75699844e-04 ... 2.69515523e-05
 1.39895315e-09 1.30113200e-05] 
19 12 [7.77845895e-02 5.43638160e-04 7.57466234e-04 ... 4.33272856e-05
 1.32828061e-08 3.42078649e-05] 
19 13 [7.37403879e-02 5.83503439e-04 9.80438553e-04 ... 4.55596344e-05
 1.05331971e-07 7.61571930e-05] 
19 14 [7.33117152e-02 5.70684208e-04 9.27681630e-04 ... 2.21233197e-05
 6.97439906e-07 1.27107070e-04] 
19 15 [7.54924151e-02 5.41322974e-04 5.83420852e-04 ... 2.75989285e-06
 3.85036456e-06 1.23501475e-04] 
19 16 [7.71509671e-02 5.72437308e-04 3.01080731e-04 ... 3.60684135e-08
 1.76010010e-05 4.36596987e-05] 
19 17 [7.79501849e-02 5.42936276e-04 2.64775903e-04 ... 1.45889340e-11
 6.48482125e-05 2.60145354e-06] 
19 18 [7.63657343e-02 4.60322891e-04 1.78849570e-04 ... 4.48837779e-17
 1.77057179e-04 8.93186677e-09] 
19 19 [7.26168969e-02 4.46332119e-04 1.19795244e-04 ... 3.20905591e-25
 2.92587976e-04 5.45751489e-13] 
19 20 [6.85532302e-02 4.99120754e-04 3.06156100e-04 ... 4.28944813e-36
 2.05768145e-04 2.87869035e-19] 
19 21 [7.07334957e-02 5.27335466e-04 6.35681425e-04 ... 6.29918723e-49
 4.34145596e-05 2.51743371e-27] 
19 22 [7.36389830e-02 5.31346935e-04 8.45468096e-04 ... 9.89204981e-62
 3.36478342e-06 7.02013407e-36] 
19 23 [7.38261005e-02 5.74574711e-04 8.47826002e-04 ... 1.82133465e-71
 1.21888151e-06 1.17002198e-42] 
19 24 [7.34488460e-02 5.98009348e-04 8.19244382e-04 ... 3.87422891e-75
 1.57142491e-06 2.87013704e-45] 
20 0 [6.84034334e-02 6.30239223e-04 5.81018999e-04 ... 2.80732239e-05
 4.62247399e-07 1.28307268e-12] 
20 1 [7.19525396e-02 5.55951778e-04 7.61955729e-04 ... 3.82989830e-05
 1.27702459e-08 8.64517172e-12] 
20 2 [7.57369419e-02 4.93651085e-04 8.55234574e-04 ... 4.85919121e-05
 8.79326132e-11 5.37080900e-11] 
20 3 [7.83260908e-02 4.55518059e-04 7.66749478e-04 ... 5.06746934e-05
 9.94373572e-14 3.07644707e-10] 
20 4 [7.93291913e-02 4.53115222e-04 5.14436502e-04 ... 3.88359001e-05
 1.39320176e-17 1.62480968e-09] 
20 5 [7.97742432e-02 4.85394547e-04 2.78139227e-04 ... 1.86487940e-05
 9.78555294e-17 7.91219784e-09] 
20 6 [8.02984306e-02 5.40222467e-04 2.06610530e-04 ... 4.69876695e-06
 2.73696077e-15 3.55242840e-08] 
20 7 [8.04532597e-02 6.18639481e-04 2.42811872e-04 ... 1.40890816e-06
 6.39371019e-14 1.47045822e-07] 
20 8 [7.97682521e-02 6.99209523e-04 2.63634130e-04 ... 2.91946427e-06
 1.24749328e-12 5.60975299e-07] 
20 9 [7.92571538e-02 6.89338197e-04 2.54367995e-04 ... 7.42380603e-06
 2.03293912e-11 1.97019025e-06] 
20 10 [7.99968246e-02 5.80279372e-04 3.34110019e-04 ... 1.70110131e-05
 2.76701421e-10 6.34623591e-06] 
20 11 [7.97326397e-02 5.24696124e-04 5.70008317e-04 ... 3.29354028e-05
 3.14556637e-09 1.85352640e-05] 
20 12 [7.61530068e-02 5.61882761e-04 8.60449933e-04 ... 4.71160545e-05
 2.98663770e-08 4.75420756e-05] 
20 13 [7.29512892e-02 5.85630317e-04 1.00277125e-03 ... 3.80554299e-05
 2.36824226e-07 9.87015584e-05] 
20 14 [7.43123593e-02 5.52032609e-04 7.88794537e-04 ... 1.05186784e-05
 1.56736450e-06 1.37177614e-04] 
20 15 [7.63876795e-02 5.53522428e-04 4.05342113e-04 ... 4.20766033e-07
 8.62735887e-06 8.54664940e-05] 
20 16 [7.78664939e-02 5.70103940e-04 2.66403956e-04 ... 6.28427810e-10
 3.88201323e-05 1.11247577e-05] 
20 17 [7.71048211e-02 4.81861653e-04 2.20533906e-04 ... 5.12352332e-15
 1.33300551e-04 8.29429418e-08] 
20 18 [7.35672556e-02 4.43420880e-04 1.13166297e-04 ... 2.11650416e-23
 2.79990199e-04 5.27237863e-12] 
20 19 [6.85532302e-02 4.99120754e-04 3.06156100e-04 ... 4.28944813e-36
 2.05768145e-04 2.87869035e-19] 
20 20 [7.20608210e-02 5.24858425e-04 7.37028560e-04 ... 1.31539447e-53
 1.87027074e-05 2.12107979e-30] 
20 21 [7.34488460e-02 5.98009348e-04 8.19244382e-04 ... 3.87422891e-75
 1.57142491e-06 2.87013704e-45] 
20 22 [6.91045854e-02 7.29534025e-04 5.30971394e-04 ... 1.27322223e-97
 1.08013566e-05 8.52956353e-62] 
20 23 [6.74587392e-002 7.78686074e-004 3.35519046e-004 ... 1.86543225e-115
 3.47008235e-005 1.80350336e-075] 
20 24 [6.74365843e-002 7.80125570e-004 2.79312524e-004 ... 2.30129958e-122
 5.08457029e-005 6.98378624e-081] 
21 0 [6.88591535e-02 6.19265111e-04 6.08920355e-04 ... 2.92659519e-05
 2.94180355e-07 1.70470096e-12] 
21 1 [7.25515245e-02 5.45338844e-04 7.84606890e-04 ... 4.00648301e-05
 6.59436332e-09 1.14860466e-11] 
21 2 [7.62612328e-02 4.85610505e-04 8.54869230e-04 ... 4.96916262e-05
 3.40072414e-11 7.13570112e-11] 
21 3 [7.85880448e-02 4.52414982e-04 7.32701559e-04 ... 4.96987977e-05
 2.58651049e-14 4.08739264e-10] 
21 4 [7.94128691e-02 4.56605237e-04 4.65411699e-04 ... 3.55052783e-05
 7.15672484e-18 2.15873451e-09] 
21 5 [7.98689871e-02 4.94083751e-04 2.51436746e-04 ... 1.52220858e-05
 1.83773114e-16 1.05121837e-08] 
21 6 [8.03797174e-02 5.53471363e-04 2.09637601e-04 ... 3.37021466e-06
 5.14002755e-15 4.71972386e-08] 
21 7 [8.03789633e-02 6.37393614e-04 2.51124556e-04 ... 1.48706186e-06
 1.20074233e-13 1.95354502e-07] 
21 8 [7.95697608e-02 7.08203209e-04 2.61563647e-04 ... 3.60842921e-06
 2.34279932e-12 7.45124387e-07] 
21 9 [7.93452134e-02 6.68261980e-04 2.59771693e-04 ... 9.12281656e-06
 3.81787096e-11 2.61494108e-06] 
21 10 [8.01691667e-02 5.55526490e-04 3.80621651e-04 ... 2.04931516e-05
 5.19646763e-10 8.40008911e-06] 
21 11 [7.90688923e-02 5.29356416e-04 6.50387407e-04 ... 3.77174689e-05
 5.90738443e-09 2.43126498e-05] 
21 12 [7.48468422e-02 5.74748371e-04 9.29651959e-04 ... 4.77538159e-05
 5.60885214e-08 6.06476467e-05] 
21 13 [7.29766855e-02 5.79164406e-04 9.74999960e-04 ... 2.91927742e-05
 4.44705790e-07 1.16291657e-04] 
21 14 [7.51585316e-02 5.42194306e-04 6.47433658e-04 ... 4.42073622e-06
 2.94086022e-06 1.30947947e-04] 
21 15 [7.70556368e-02 5.70519623e-04 3.10167866e-04 ... 5.15672871e-08
 1.61057365e-05 4.85955054e-05] 
21 16 [7.79155741e-02 5.36677637e-04 2.63393808e-04 ... 7.01695068e-12
 7.05073917e-05 1.93096744e-06] 
21 17 [7.56500438e-02 4.49709190e-04 1.46526273e-04 ... 6.85647571e-19
 2.13607887e-04 1.14678579e-09] 
21 18 [6.99494179e-02 4.68616225e-04 1.89475680e-04 ... 1.21112965e-30
 2.77445249e-04 4.80637493e-16] 
21 19 [7.07334957e-02 5.27335466e-04 6.35681425e-04 ... 6.29918723e-49
 4.34145596e-05 2.51743371e-27] 
21 20 [7.34488460e-02 5.98009348e-04 8.19244382e-04 ... 3.87422891e-75
 1.57142491e-06 2.87013704e-45] 
21 21 [6.77352457e-002 7.67876782e-004 3.98345641e-004 ... 4.61557729e-109
 2.35772271e-005 1.61990585e-070] 
21 22 [6.73219327e-002 6.97602970e-004 2.28654885e-004 ... 7.72510970e-147
 1.50911927e-004 1.68140574e-100] 
21 23 [6.44761167e-002 4.63747210e-004 4.11676122e-004 ... 6.78388088e-179
 3.45778516e-004 4.27572373e-127] 
21 24 [6.46071996e-002 3.61830355e-004 4.61755972e-004 ... 6.68491245e-192
 3.93125857e-004 3.92819600e-138] 
22 0 [6.92025863e-02 6.11328968e-04 6.28953278e-04 ... 3.02104185e-05
 2.09620775e-07 2.08828074e-12] 
22 1 [7.29829128e-02 5.37923162e-04 7.99406887e-04 ... 4.13196163e-05
 4.01799800e-09 1.40705557e-11] 
22 2 [7.66149201e-02 4.80235706e-04 8.51448259e-04 ... 5.03315147e-05
 1.66820942e-11 8.74132613e-11] 
22 3 [7.87482397e-02 4.50844741e-04 7.05422918e-04 ... 4.87342484e-05
 9.41949158e-15 5.00710850e-10] 
22 4 [7.94675122e-02 4.59766737e-04 4.31205161e-04 ... 3.29734865e-05
 9.01276565e-18 2.64447652e-09] 
22 5 [7.99404053e-02 5.00750831e-04 2.36252704e-04 ... 1.29573714e-05
 2.88256914e-16 1.28775297e-08] 
22 6 [8.04266261e-02 5.63656424e-04 2.13827985e-04 ... 2.66238375e-06
 8.06237909e-15 5.78165268e-08] 
22 7 [8.02989600e-02 6.50868464e-04 2.56043380e-04 ... 1.63144507e-06
 1.88342179e-13 2.39298399e-07] 
22 8 [7.94439107e-02 7.11107375e-04 2.59247760e-04 ... 4.19864719e-06
 3.67479281e-12 9.12568421e-07] 
22 9 [7.94581851e-02 6.49912251e-04 2.68087890e-04 ... 1.05500656e-05
 5.98851319e-11 3.20029125e-06] 
22 10 [8.02196409e-02 5.41633045e-04 4.20701510e-04 ... 2.32864177e-05
 8.15090716e-10 1.02541831e-05] 
22 11 [7.84107758e-02 5.36430949e-04 7.09782542e-04 ... 4.09713078e-05
 9.26600182e-09 2.94272728e-05] 
22 12 [7.40228216e-02 5.81552898e-04 9.68362893e-04 ... 4.65078339e-05
 8.79761420e-08 7.14978952e-05] 
22 13 [7.33117152e-02 5.70684208e-04 9.27681630e-04 ... 2.21233197e-05
 6.97439906e-07 1.27107070e-04] 
22 14 [7.57029964e-02 5.42156012e-04 5.41067291e-04 ... 1.93875819e-06
 4.60754763e-06 1.16923438e-04] 
22 15 [7.75158272e-02 5.76516896e-04 2.76283908e-04 ... 7.27445175e-09
 2.50682535e-05 2.62196055e-05] 
22 16 [7.75167552e-02 5.02034154e-04 2.43959870e-04 ... 1.05111638e-13
 1.05852897e-04 3.22554720e-07] 
22 17 [7.39921001e-02 4.43018117e-04 1.13804527e-04 ... 1.48154747e-22
 2.71100443e-04 1.48549834e-11] 
22 18 [6.84771909e-02 5.06711958e-04 3.44341858e-04 ... 1.20865459e-37
 1.81366126e-04 3.30101979e-20] 
22 19 [7.36389830e-02 5.31346935e-04 8.45468096e-04 ... 9.89204981e-62
 3.36478342e-06 7.02013407e-36] 
22 20 [6.91045854e-02 7.29534025e-04 5.30971394e-04 ... 1.27322223e-97
 1.08013566e-05 8.52956353e-62] 
22 21 [6.73219327e-002 6.97602970e-004 2.28654885e-004 ... 7.72510970e-147
 1.50911927e-004 1.68140574e-100] 
22 22 [6.63841561e-002 2.67380237e-004 4.61661016e-004 ... 2.08188163e-206
 3.86011446e-004 1.37168740e-150] 
22 23 [7.37134533e-002 2.14871991e-004 1.85017379e-004 ... 3.18789307e-262
 5.21279478e-005 9.76918280e-200] 
22 24 [7.41527188e-002 2.76640156e-004 8.58363769e-005 ... 1.43928912e-286
 6.91377737e-006 1.13094079e-221] 
23 0 [6.94155469e-02 6.06542960e-04 6.40967808e-04 ... 3.08106949e-05
 1.69909684e-07 2.35870316e-12] 
23 1 [7.32421594e-02 5.33547413e-04 8.07653828e-04 ... 4.20646765e-05
 2.95589103e-09 1.58926257e-11] 
23 2 [7.68179084e-02 4.77170701e-04 8.48076969e-04 ... 5.06501217e-05
 1.07291084e-11 9.87328620e-11] 
23 3 [7.88342159e-02 4.50170516e-04 6.87983268e-04 ... 4.80470460e-05
 5.03593670e-15 5.65550493e-10] 
23 4 [7.94993576e-02 4.61921161e-04 4.11234742e-04 ... 3.14082490e-05
 1.14452299e-17 2.98692268e-09] 
23 5 [7.99843123e-02 5.04934348e-04 2.28711089e-04 ... 1.16851455e-05
 3.77640352e-16 1.45450833e-08] 
23 6 [8.04492179e-02 5.70074181e-04 2.16960574e-04 ... 2.32561030e-06
 1.05623821e-14 6.53029270e-08] 
23 7 [8.02404772e-02 6.58835482e-04 2.58480589e-04 ... 1.74938528e-06
 2.46743801e-13 2.70275599e-07] 
23 8 [7.93795125e-02 7.11236027e-04 2.57736690e-04 ... 4.59734868e-06
 4.81428191e-12 1.03056511e-06] 
23 9 [7.95422462e-02 6.37969418e-04 2.75239048e-04 ... 1.15013097e-05
 7.84544656e-11 3.61225049e-06] 
23 10 [8.02082310e-02 5.35161109e-04 4.47311852e-04 ... 2.50789702e-05
 1.06783602e-09 1.15529024e-05] 
23 11 [7.79485894e-02 5.41740365e-04 7.45580654e-04 ... 4.27662907e-05
 1.21392121e-08 3.29512709e-05] 
23 12 [7.36117961e-02 5.84292094e-04 9.85626312e-04 ... 4.49857765e-05
 1.15254414e-07 7.85478922e-05] 
23 13 [7.36067682e-02 5.64568767e-04 8.88480707e-04 ... 1.79482831e-05
 9.13585631e-07 1.32161407e-04] 
23 14 [7.60037180e-02 5.45556474e-04 4.79659481e-04 ... 1.06910800e-06
 6.03008216e-06 1.04839435e-04] 
23 15 [7.77479242e-02 5.74438643e-04 2.68241981e-04 ... 1.78804548e-09
 3.26157169e-05 1.62038856e-05] 
23 16 [7.71048211e-02 4.81861653e-04 2.20533906e-04 ... 5.12352332e-15
 1.33300551e-04 8.29429418e-08] 
23 17 [7.26168969e-02 4.46332119e-04 1.19795244e-04 ... 3.20905591e-25
 2.92587976e-04 5.45751489e-13] 
23 18 [6.90824922e-02 5.23686682e-04 4.79498731e-04 ... 7.98919704e-43
 1.04930674e-04 2.02767644e-23] 
23 19 [7.38261005e-02 5.74574711e-04 8.47826002e-04 ... 1.82133465e-71
 1.21888151e-06 1.17002198e-42] 
23 20 [6.74587392e-002 7.78686074e-004 3.35519046e-004 ... 1.86543225e-115
 3.47008235e-005 1.80350336e-075] 
23 21 [6.44761167e-002 4.63747210e-004 4.11676122e-004 ... 6.78388088e-179
 3.45778516e-004 4.27572373e-127] 
23 22 [7.37134533e-002 2.14871991e-004 1.85017379e-004 ... 3.18789307e-262
 5.21279478e-005 9.76918280e-200] 
23 23 [8.12843621e-002 3.41412873e-004 1.86852082e-006 ... 7.41098469e-323
 9.54098571e-010 8.47592903e-279] 
23 24 [9.10580339e-002 2.55015703e-004 2.72886882e-008 ... 4.44659081e-323
 1.31376920e-013 8.21341548e-317] 
24 0 [6.94876512e-02 6.04944984e-04 6.44966826e-04 ... 3.10160278e-05
 1.58240067e-07 2.45641321e-12] 
24 1 [7.33285390e-02 5.32101860e-04 8.10288990e-04 ... 4.23111895e-05
 2.66395535e-09 1.65509829e-11] 
24 2 [7.68839527e-02 4.76176982e-04 8.46728866e-04 ... 5.07447295e-05
 9.23903872e-12 1.02822903e-10] 
24 3 [7.88612620e-02 4.49991226e-04 6.82004363e-04 ... 4.77998778e-05
 4.07323765e-15 5.88978595e-10] 
24 4 [7.95099164e-02 4.62681080e-04 4.04692531e-04 ... 3.08804403e-05
 1.24642996e-17 3.11065657e-09] 
24 5 [7.99990667e-02 5.06359717e-04 2.26456698e-04 ... 1.12766284e-05
 4.13216778e-16 1.51476086e-08] 
24 6 [8.04557104e-02 5.72265725e-04 2.18088205e-04 ... 2.22704134e-06
 1.15574342e-14 6.80079083e-08] 
24 7 [8.02193228e-02 6.61453692e-04 2.59199062e-04 ... 1.79365673e-06
 2.69988835e-13 2.81467762e-07] 
24 8 [7.93603554e-02 7.10993480e-04 2.57239191e-04 ... 4.73828365e-06
 5.26782176e-12 1.07318967e-06] 
24 9 [7.95724316e-02 6.33879173e-04 2.78016510e-04 ... 1.18351458e-05
 8.58454381e-11 3.76095492e-06] 
24 10 [8.01962292e-02 5.33337958e-04 4.56583634e-04 ... 2.56946755e-05
 1.16843378e-09 1.20204310e-05] 
24 11 [7.77845895e-02 5.43638160e-04 7.57466234e-04 ... 4.33272856e-05
 1.32828061e-08 3.42078649e-05] 
24 12 [7.34923816e-02 5.84950355e-04 9.90206749e-04 ... 4.43451385e-05
 1.26111502e-07 8.09758452e-05] 
24 13 [7.37163190e-02 5.62443895e-04 8.73725900e-04 ... 1.66059323e-05
 9.99599670e-07 1.33520278e-04] 
24 14 [7.61009290e-02 5.47224750e-04 4.60098147e-04 ... 8.60211098e-07
 6.59541754e-06 1.00293009e-04] 
24 15 [7.78116198e-02 5.72578021e-04 2.67058629e-04 ... 1.07249031e-09
 3.55883013e-05 1.35061207e-05] 
24 16 [7.69405179e-02 4.75774739e-04 2.10950992e-04 ... 1.69978611e-15
 1.43517757e-04 4.98635739e-08] 
24 17 [7.20976904e-02 4.48981771e-04 1.27418064e-04 ... 3.36772333e-26
 2.95559039e-04 1.57786356e-13] 
24 18 [6.95435504e-02 5.26447417e-04 5.30244028e-04 ... 9.54413665e-45
 8.16510006e-05 1.22985668e-24] 
24 19 [7.34488460e-02 5.98009348e-04 8.19244382e-04 ... 3.87422891e-75
 1.57142491e-06 2.87013704e-45] 
24 20 [6.74365843e-002 7.80125570e-004 2.79312524e-004 ... 2.30129958e-122
 5.08457029e-005 6.98378624e-081] 
24 21 [6.46071996e-002 3.61830355e-004 4.61755972e-004 ... 6.68491245e-192
 3.93125857e-004 3.92819600e-138] 
24 22 [7.41527188e-002 2.76640156e-004 8.58363769e-005 ... 1.43928912e-286
 6.91377737e-006 1.13094079e-221] 
24 23 [9.10580339e-002 2.55015703e-004 2.72886882e-008 ... 4.44659081e-323
 1.31376920e-013 8.21341548e-317] 
24 24 [1.04913244e-001 1.13663819e-004 2.18253072e-011 ... 2.96439388e-323
 8.21908232e-020 4.44659081e-323] 
